$SPEC_ID:
No sample description was entered.
$SPEC_REM:
DET# 1
DETDESC# FSGUNIV-O93LS3D Easy-MCA-8k SN 17088661
AP# Maestro Version 7.01
$DATE_MEA:
02/03/2020 15:18:37
$MEAS_TIM:
43 44
$DATA:
0 4095
       0
       0
       0
       0
       0
       0
       0
       0
       0
       0
       0
       0
       0
       0
       0
       0
       0
       0
       0
       0
       0
       0
       0
       0
       0
       0
       0
       0
       0
       1
       0
       0
       0
       1
       0
       0
       0
       0
       0
       0
       0
       1
       0
       0
       0
       0
       0
       0
       2
       1
       0
       0
       0
       9
      18
      13
      20
      15
      14
      14
      11
      12
      16
      19
      11
       9
      23
      12
      15
      21
      16
      18
      14
      14
      17
      20
      12
      21
      22
      19
      18
      21
      12
      19
      13
      14
      18
      20
      18
      11
      11
      11
      24
      11
      23
      11
      13
      18
      14
      18
      18
      10
      16
      11
      15
       9
      19
      15
      20
       9
      13
      10
      16
      17
      23
      18
      22
      18
      15
      25
      19
       9
      22
      14
      20
      22
      23
      17
      19
      16
      17
      29
      15
      22
      19
      17
      22
      19
      15
      21
      12
      16
      11
      19
      18
      17
      13
      11
      10
      17
      11
      15
      14
      13
      18
      17
      16
      13
      10
      13
      17
       9
      19
      15
      19
      10
      16
      13
      20
      19
      12
      16
      14
      11
      16
      23
      18
      22
      23
      16
      25
      15
      17
      16
      21
      25
      26
      16
      10
      17
      17
      22
      16
      22
      27
      26
      27
      18
      27
      23
      22
      33
      35
      31
      34
      26
      38
      30
      34
      36
      42
      30
      32
      33
      41
      35
      41
      33
      31
      30
      42
      29
      17
      24
      30
      32
      25
      35
      30
      31
      29
      21
      35
      27
      22
      32
      28
      19
      23
      22
      26
      20
      25
      27
      26
      24
      24
      30
      14
      22
      21
      20
      27
      18
      24
      12
      25
      23
      23
      14
      14
      24
      20
      19
      18
      17
      14
      15
      11
      18
      13
      17
      15
      11
      16
      17
      13
      16
      16
      10
      12
      15
      15
      17
      16
      15
      16
      16
      17
      13
      12
      15
      14
      18
      13
      15
      11
       9
      14
      18
      18
      19
      15
      13
      13
      17
      11
      22
      13
      13
       6
      12
      13
      12
      17
      19
      15
      18
      21
      13
      14
      16
      19
       5
      16
       9
      13
      13
      13
      11
      17
      12
      16
      14
      17
      11
      15
      17
      19
      13
      19
      13
      20
      18
       9
      15
       7
      10
      16
      17
      14
      14
      14
      19
      15
      19
      16
      17
      15
      16
      12
      17
      12
      17
      10
      16
      18
      19
      13
      20
      13
      15
      21
      14
      22
      20
      13
      14
      15
      25
      21
      21
      23
      17
      19
      15
      21
      18
      22
      18
      20
      20
      24
      22
      19
      21
      18
      13
      16
      23
      21
      20
      14
      20
      12
      13
      17
      20
      14
      10
      16
      15
       8
      19
      15
      18
      15
       9
      16
      14
      11
      20
      15
      15
      14
      12
      17
      20
      16
      17
      19
      23
      13
      19
      15
      21
      10
      17
      16
      17
      13
      26
      23
      13
      20
      15
      15
      18
      12
      26
      18
      20
      19
      17
      19
      22
      23
      11
      14
      22
      15
      20
      19
      15
      20
      22
      23
      18
      20
      15
      15
      18
      25
      16
      15
      26
      22
      19
      22
      23
      24
      19
      20
      21
      19
      18
      25
      19
      24
      13
      19
      20
      19
      25
      20
      18
      12
      20
      15
      15
      25
      21
      18
      17
      11
      19
      15
      18
      22
      25
      22
      17
      17
      21
      15
      20
      21
      19
      21
      18
      26
      17
      20
      23
      17
      16
      22
      26
      22
      14
      22
      13
      26
      21
      25
      16
      17
      18
      19
      24
      20
      20
      15
      17
      20
      24
      15
      17
      20
      17
      15
      26
      19
      31
      17
      14
      20
      15
      15
      21
      13
      15
      15
      21
      20
      15
      17
      18
      23
      11
      20
      19
      16
      14
      17
       8
      12
      20
      20
      19
      23
      19
      23
      27
      15
      22
      13
      15
      26
      12
      14
      16
      22
      23
      20
      28
      14
      23
      16
      17
      20
      15
      18
      19
      10
      19
      13
      12
      15
      17
      19
      17
      17
      22
      16
      21
      17
      20
      23
      21
      16
      18
      15
      22
      20
      25
      18
      21
      19
      20
      20
      12
      13
      25
       9
      20
      28
      18
      14
      20
      18
      13
      21
      16
      16
      12
      25
      15
      19
      24
      12
      18
      14
      20
      17
      13
      20
      22
      23
      26
      18
      16
      14
      14
      24
      17
      21
      17
      15
      13
      16
      30
      19
      19
      21
      17
      19
      13
      16
      11
      16
      15
      24
      14
      20
      18
      16
      13
      21
      22
      22
      20
      16
      16
      10
      20
      18
      17
      25
      17
      20
      17
      20
      20
      16
      19
      23
      15
      18
      15
      20
      10
      20
      17
      10
      23
      21
      20
       8
      26
      28
      16
      16
      22
      12
      19
      18
      23
      26
      18
      25
      12
      21
      23
      17
      24
      17
      27
      20
      18
      19
      18
      17
      13
      17
      18
      19
      18
      21
      11
      13
      24
      27
      18
      14
      24
      19
      21
      16
      24
      19
      17
      25
      19
      17
      14
      10
      19
      18
      22
      15
      18
      14
      18
      18
      21
      13
      19
      22
      13
      14
      13
      24
      19
      26
      22
      28
      17
      10
      15
      15
      13
      14
      20
      21
      21
      23
      14
      22
      16
      15
      17
      18
      17
      19
      18
      21
      15
      15
      22
      22
      15
      10
      19
      10
      25
      28
      23
      18
      26
      20
      22
      22
      28
      19
      21
      24
      22
      19
      22
      16
      30
      24
      20
      12
      21
      17
      17
      19
      12
      21
      16
      12
      25
      22
      17
      10
      19
      23
      23
      20
      20
      22
      12
      18
      22
      21
      10
      13
      20
      20
      15
      14
      20
      16
      11
      22
      23
      21
      27
      22
      15
      15
      15
      13
      18
      24
      12
      12
      20
      18
      14
      12
      23
      15
      14
      18
      15
      21
      19
      13
      17
      15
      22
      18
      11
      12
      13
      11
      15
      17
      19
      15
      10
      11
      11
      14
      17
      10
      12
      16
      12
      13
      16
      10
       9
      16
      12
      17
      13
      12
      12
      20
      14
      18
      13
      11
      13
       9
       8
      13
      15
      17
      12
      11
      11
      10
      17
       9
       9
      12
      11
      18
      11
       6
       9
       6
      12
      14
       5
      11
       6
       6
       9
      14
      11
      13
      15
      11
       8
      14
       5
      11
       7
      10
       7
      16
       8
       7
      10
      17
       9
       9
      12
      10
      10
       9
      14
       9
       7
      17
      14
       8
      10
       9
       9
      11
      14
      13
       6
      10
       5
       8
       9
      13
      10
       8
      10
      14
      12
      10
       7
      10
       6
       9
      12
      14
      14
      10
       8
       6
       6
      10
       7
       3
       7
       8
       7
       9
       7
      11
      11
      11
       7
      10
      13
       8
      14
       6
       8
       7
      11
       9
       8
      17
      11
       2
       9
       8
       7
      10
      15
       0
      13
       7
      11
       9
       9
      14
       6
      10
      13
      11
       5
      13
       7
      13
      14
       9
      13
       9
      11
       6
       6
      14
       7
       7
       7
       7
       7
       6
       7
       9
       9
       8
       4
      18
       3
      10
      11
       7
      10
       4
      11
       7
       2
      12
      10
      10
      11
       5
      14
      12
      11
       5
       7
       6
       8
      10
      11
       7
      12
      10
       8
       5
       9
      12
       7
      16
       5
      11
       6
      11
      12
      11
      11
       4
      11
       5
      10
      11
      12
      15
       6
       4
       5
       6
      12
       9
       6
       9
       8
      12
       5
       3
       8
       9
       6
      10
       9
      10
       4
       6
       8
      14
       9
       9
       4
       7
      10
      11
       4
      10
      14
       9
       6
       7
       8
      10
       7
      10
      10
       4
       7
      10
       5
       8
       4
      10
       8
      12
      10
       9
      15
       6
      11
       9
       7
      11
      14
       8
       8
       6
       4
       5
       9
      10
       8
      12
       8
      12
      10
      12
      11
      11
      14
       9
      11
       3
      11
       6
       7
      11
       7
      13
       6
      14
       9
       8
       6
      12
      11
       8
      11
      13
       9
       9
      13
       9
      10
      12
      10
      19
       8
      13
      13
      19
       7
      15
      17
      11
      14
      18
      10
      15
      21
       8
      17
      19
      19
      24
      13
      19
      26
      20
      19
      20
      25
      24
      19
      23
      27
      21
      30
      20
      16
      30
      27
      33
      38
      29
      33
      23
      31
      41
      35
      42
      34
      47
      41
      39
      39
      37
      41
      52
      35
      44
      57
      41
      53
      55
      58
      42
      42
      49
      69
      53
      66
      78
      54
      67
      70
      58
      67
      65
      68
      72
      60
      69
      77
      63
      65
      72
      79
      85
      65
      78
      72
      84
      74
      77
      90
     102
      86
      86
      83
      76
      82
     103
      85
      85
      93
      92
     103
     112
     107
     110
      96
      87
      88
     107
      89
     119
     103
      94
     118
      98
      94
     101
     124
      84
      95
     109
     105
      95
     102
      94
     100
     116
     108
      92
     100
      89
     106
     107
     101
      99
      92
     106
      94
     106
      82
     104
      98
      90
     108
     108
     107
      93
      85
      91
     100
      98
      81
      83
      86
      75
      89
      76
      71
      66
      69
      68
      74
      63
      71
      66
      53
      60
      68
      62
      61
      47
      46
      61
      53
      49
      64
      54
      61
      44
      40
      38
      58
      51
      47
      46
      35
      37
      36
      47
      41
      48
      35
      41
      32
      30
      24
      34
      24
      25
      27
      29
      20
      33
      31
      15
      23
      17
      13
      21
      22
      21
      11
      14
      14
      18
      12
       8
       7
      15
      15
       7
      11
      10
       7
       8
       8
       5
      10
       4
      10
      11
      11
      11
       5
       5
       9
      13
       7
       6
       7
       4
       3
       4
       2
       6
       3
      11
       5
       6
       9
       3
       6
       6
       2
       3
       9
       2
       2
       5
       2
       7
       2
       4
       5
       3
       7
       3
       5
       3
       9
       6
       2
       4
       6
       5
       3
       2
       8
       3
       5
       6
       2
       6
       8
       3
       6
       6
       4
       3
       3
       5
       2
       6
       2
       4
       2
       1
       4
       6
       4
       2
       4
       3
       3
       3
       6
       7
       4
       7
       6
       6
       3
       4
       3
       4
       2
       5
       5
       7
       4
       1
       5
       6
       3
       4
       4
       5
       3
       2
       4
       4
       3
       6
       5
       5
       3
       3
       3
       6
       9
       5
       3
       1
       3
       0
       7
       3
      10
       3
       3
       1
       4
       4
       5
       4
       3
       1
       5
       4
       4
       3
       4
       8
       6
       5
       0
       2
       4
       0
       1
       4
       6
       8
       3
       6
       1
       3
       5
       9
       4
       4
       2
       6
       3
       4
       6
       4
       2
       2
       4
       4
       5
       0
       3
       4
       6
       9
       1
       2
       2
       3
       5
       4
      10
       2
       5
       3
       2
       1
       2
       4
       6
       5
       3
       6
       4
       5
       5
       2
       4
       1
       3
       4
       6
       3
       1
       3
       3
       2
       4
       3
       3
       6
       2
       6
       5
       0
       5
       3
       3
       5
       5
       1
       2
       3
       3
       3
       9
       4
       9
       3
       0
       8
       4
       7
       3
       4
       3
       2
       4
       4
       1
       3
       4
       4
       4
       4
       2
       4
       4
       7
       3
       7
       2
       3
       3
       3
       3
       7
       4
       3
       1
       4
       6
       4
       3
       5
       2
       3
       3
       1
       5
       3
       5
       3
       3
       5
       3
       2
       5
       4
       3
       4
       3
       4
       4
       7
       8
       5
       4
       6
       6
       5
       2
       3
       3
       4
       2
       4
       9
       6
       6
       6
       6
       3
       3
       0
       2
       2
       4
       3
       4
       5
       2
       5
       6
       4
       4
       5
       2
       3
       8
       7
       6
       4
       1
       3
       2
       3
       8
       3
       4
       2
       3
       3
       2
       5
       4
       5
       3
       4
       2
       5
       3
       7
       4
       5
       2
       2
       3
       4
       7
       1
       2
       7
       5
       3
       3
       3
       3
       3
       3
       2
       1
       0
       6
       9
       8
       4
       2
       3
       5
       2
       4
       2
       3
       6
       7
       0
       6
       4
       4
       2
       2
       6
       2
       4
       5
       2
       5
       6
       6
      10
       5
       6
       2
       4
       3
       4
       3
       1
       5
       1
       4
       2
       8
       5
       3
       0
       2
       4
       4
       3
       1
       6
       4
       0
       6
       2
       5
       3
       4
       6
       4
       2
       2
       3
       4
       6
       2
       2
       2
       3
       5
       3
       3
       7
       4
       4
       4
       5
       1
       3
       5
       4
       2
       6
       8
       7
       4
       1
       5
       4
       2
       2
       2
       2
       4
       2
       4
       5
       3
       5
       2
       2
       4
       6
       4
       3
       3
       5
       3
       1
       0
       5
       1
       3
       1
       3
       5
       4
       4
       6
       2
       1
       6
       6
       4
       3
       6
       4
       3
       3
       3
       7
       2
       3
       4
       7
       2
       0
       5
       2
       3
       3
       4
       2
       5
       3
       0
       5
       2
       5
       5
       5
       7
       3
       0
       5
       3
       4
       1
       7
       6
       1
       6
       3
       3
       7
       8
       1
       6
       6
       6
       6
       3
       5
       6
       0
       3
       1
       3
       4
       4
       5
       7
       3
       5
       1
       3
       4
       4
       3
       1
       5
       0
       1
       2
       2
       4
       2
       4
       3
       6
       3
       3
       5
       7
       1
       7
       2
       3
       3
       1
       1
       2
       2
       3
       5
       2
       7
       5
       2
       4
       3
       6
       7
       1
       5
       6
       4
       1
       5
       3
       7
       2
       3
       2
       3
       3
       1
       3
       3
       3
       1
       4
       6
       4
       3
       3
       8
       3
       3
       7
       7
       4
       5
       2
       4
       2
       4
       4
       3
       4
       3
       1
       4
       6
       1
       4
       6
       3
       2
       4
       1
       5
       4
       3
       2
       3
       6
       7
       5
       6
       8
       4
       3
       7
       4
       4
       2
       3
       4
       2
       6
       3
       1
       2
       5
       4
       3
       2
       6
       9
       5
       2
       2
       3
       2
       5
       2
       3
       3
       6
       5
       9
       4
       2
       0
       4
       7
       5
       2
       2
       1
       4
       4
       4
       8
       2
       5
       4
       1
       3
       6
       4
       3
       7
       5
       5
       4
       2
       6
       2
       3
       2
       2
       3
       3
       4
       2
       6
       1
       4
       2
       3
       8
       3
       2
       1
       2
       5
       4
       3
       6
       1
       5
       4
       4
       7
       4
       3
       6
       4
       1
       4
       7
       4
       4
       3
       3
       2
       7
       3
       3
       3
       2
       1
       4
       3
       3
       4
       8
       0
       3
       6
       2
       1
       1
       2
       4
       2
       3
       5
       3
       5
       2
       5
       3
       2
       5
       3
       7
       4
       3
       3
       5
       1
       7
       4
       7
       7
       2
       3
       5
       3
       1
       3
       3
       5
       2
       1
       1
       3
       3
       2
       6
       7
       8
       2
       4
       3
       3
       4
       4
       4
       4
       2
       5
       5
       4
       4
       2
       4
       6
       4
       5
       5
       2
       4
       4
       1
       7
       2
       4
       7
       2
       1
       3
       3
       4
       5
       6
       6
       2
       6
       3
       6
       2
      12
       2
       3
       3
       8
       6
       2
       3
       3
       4
       2
       3
       3
       2
       3
       9
       4
       0
       3
       4
       6
       6
       3
       6
       6
       2
       2
       4
       5
       6
       3
       4
       1
       5
       4
       1
       2
       2
       4
       2
       1
       3
       5
       5
       2
       3
       9
       4
       5
       4
       3
       3
       4
       5
       3
       1
       1
       5
       3
       3
       4
       4
       5
       3
       5
       5
       4
       4
       6
       3
       7
       4
       5
       4
       7
       5
       4
       5
       2
       2
       4
       5
       2
       4
       2
       2
       3
       7
       3
       4
       5
       6
       6
       6
       4
       8
       5
      11
       3
       3
       3
       0
       0
       3
       3
       3
       2
       3
       5
       4
       1
       5
       4
       3
       2
       4
       5
       4
       2
       4
       6
       3
       5
       6
       2
       7
       5
       2
       3
       8
       4
       7
       4
       2
       5
       4
       3
       3
       7
       4
       7
       5
       3
       8
       2
       5
       3
       5
       3
       3
       4
       3
       7
       2
       4
       3
       5
       5
       2
       5
      10
       5
       7
       1
       1
       2
       4
       3
       8
       3
       3
       2
       4
       5
       5
       4
       5
       6
       2
       3
       3
       5
       4
       4
       2
       4
      11
       3
       6
       3
       9
       3
       3
       5
       3
       8
       6
       6
       4
       2
       6
       3
       8
       5
       6
       2
       7
       6
       3
       6
       0
       3
       8
       4
       6
       5
       4
       4
       2
       6
       4
       5
       6
       5
       0
       2
       4
       4
       3
       6
       3
       3
       2
       4
       4
       3
       3
       3
       6
       2
       2
       3
       2
       3
       4
      10
       5
       6
       3
       8
       2
       8
       1
       4
       1
       2
       6
       3
       2
       3
       3
       4
       4
      10
       2
       4
       1
       5
       4
       7
       4
       2
       1
       2
       7
       2
       2
       2
       4
       8
       4
       4
       2
       2
       5
       5
       6
       5
       4
       4
       3
       6
       4
       3
       3
       4
       6
       3
       3
       7
       3
       4
       5
       1
       4
       3
       5
       1
       0
       2
       4
       8
       2
       5
       6
       2
       3
       7
       7
       3
       4
       6
       0
       5
       4
       4
       0
       5
       1
       4
       6
       2
       5
       2
       5
       3
       4
       3
       2
       5
       3
       5
       1
       1
       2
       4
       2
       3
       0
       4
       6
       1
       4
       0
       8
       1
       3
       5
       2
       2
       4
       3
       4
       2
       4
       3
       1
       4
       1
       1
       3
       6
       6
       4
       3
       2
       2
       2
       1
       6
       2
       3
       1
       4
       5
       4
       2
       3
       5
       2
       4
       3
       3
       5
       1
       2
       5
       4
       3
       1
       3
       2
       5
       3
       5
       0
       0
       4
       3
       3
       7
       3
       3
       0
       0
       3
       3
       3
       4
       3
       1
       3
       2
       1
       3
       1
       1
       2
       3
       3
       4
       1
       0
       2
       1
       2
       5
       2
       1
       7
       4
       2
       0
       3
       2
       0
       1
       4
       3
       1
       0
       1
       1
       2
       1
       3
       4
       0
       2
       2
       1
       0
       1
       2
       0
       1
       1
       4
       2
       1
       1
       2
       2
       3
       0
       1
       0
       1
       0
       0
       1
       4
       1
       2
       0
       0
       1
       4
       1
       1
       2
       1
       0
       3
       1
       3
       1
       1
       2
       3
       2
       1
       0
       1
       3
       1
       1
       1
       1
       2
       4
       1
       1
       4
       3
       2
       2
       1
       2
       0
       2
       1
       3
       4
       0
       1
       2
       1
       0
       0
       3
       3
       2
       1
       2
       0
       1
       0
       0
       1
       1
       0
       2
       1
       3
       0
       0
       0
       1
       2
       0
       3
       1
       0
       1
       0
       1
       0
       1
       2
       0
       3
       3
       3
       1
       2
       0
       1
       1
       0
       0
       2
       0
       1
       0
       0
       3
       1
       0
       1
       2
       0
       1
       1
       1
       2
       4
       1
       1
       0
       0
       1
       0
       1
       0
       1
       1
       1
       0
       0
       0
       1
       0
       0
       1
       1
       1
       2
       2
       0
       0
       1
       0
       1
       2
       0
       1
       1
       1
       1
       1
       0
       2
       1
       2
       4
       2
       1
       1
       2
       1
       0
       0
       2
       1
       1
       2
       0
       1
       0
       1
       0
       0
       1
       1
       0
       1
       1
       1
       0
       3
       1
       0
       0
       0
       1
       2
       1
       1
       1
       0
       1
       1
       0
       2
       2
       1
       0
       0
       3
       2
       1
       0
       0
       0
       0
       0
       1
       1
       5
       2
       1
       0
       0
       2
       1
       2
       1
       0
       1
       2
       0
       1
       1
       0
       2
       0
       1
       3
       1
       0
       0
       2
       0
       2
       1
       0
       2
       1
       2
       1
       0
       0
       1
       1
       2
       1
       2
       0
       2
       1
       0
       2
       1
       2
       1
       0
       1
       2
       2
       1
       0
       1
       0
       1
       3
       0
       1
       0
       2
       2
       1
       4
       3
       1
       2
       2
       0
       3
       3
       5
       2
       6
       3
       5
       3
       4
       0
       3
       1
       0
       5
       2
       5
       4
       5
       2
       5
       5
       6
       5
       3
       0
       0
       3
       2
       4
       2
       3
       3
       5
       4
       3
       1
       5
       0
       4
       1
       0
       6
       5
       5
       2
       8
       4
       2
       6
       5
       6
       5
      10
       7
       7
       4
      11
       4
       6
       6
       3
       3
       2
      10
       3
       4
       6
       4
       8
      10
       7
       4
       6
      11
       9
       9
       6
       4
       5
       9
       6
       6
       2
      11
       5
      14
       5
       9
      12
       4
       8
       8
       2
       6
       5
       9
      10
      11
      13
      11
      12
      10
       6
      11
      16
      13
       6
       8
      10
       5
      15
      10
      11
      11
      10
       5
      13
      12
      12
       8
      17
      13
       7
      13
       9
      13
       9
      15
       7
      16
       9
       4
      12
       7
      13
      10
      16
      10
       8
       8
      15
      10
      20
      21
      16
      18
      14
      16
      16
      15
      16
      10
      16
      15
      14
      15
      15
      14
       7
      11
      13
      16
      17
      10
      14
      12
      17
      11
      10
      17
      17
      23
      15
      14
      12
      12
      12
      17
      18
      19
      16
      14
      10
      15
      20
      14
      21
      15
      10
      10
      12
      20
      17
      16
      19
      19
       8
      13
      15
      12
      12
      12
      15
       9
      16
      12
      15
      10
      11
      20
      10
      15
       8
      10
      15
       9
       9
      11
       9
       8
       9
      14
       5
      14
       7
       8
      10
      10
       6
      14
       5
      11
       9
       9
      10
       9
       5
      10
       7
       8
      10
      13
       6
      10
       8
      11
       9
       6
      13
       9
       9
      12
       8
      13
       8
       6
       6
       7
       7
       7
       8
       9
       7
      10
       8
       7
       7
      11
       7
       4
       9
       9
       6
       6
       4
       6
       7
       5
       4
       6
       3
       4
       8
       8
       9
       5
       3
       4
       7
       4
       6
       1
       5
       5
       3
       5
       4
       4
       5
       3
       6
       5
       4
       1
       7
       2
       3
       3
       6
       2
       3
       2
       8
       5
       1
       1
       3
       3
       3
       1
       4
       2
       2
       2
       0
       0
       0
       2
       1
       4
       0
       3
       0
       1
       0
       1
       2
       1
       2
       0
       1
       0
       1
       2
       1
       3
       1
       0
       2
       2
       0
       0
       4
       0
       0
       0
       1
       0
       2
       2
       0
       1
       3
       0
       1
       1
       0
       1
       0
       0
       0
       0
       0
       0
       1
       0
       1
       0
       0
       0
       1
       0
       1
       1
       0
       2
       0
       1
       0
       1
       0
       0
       0
       1
       1
       0
       1
       0
       0
       0
       0
       0
       0
       0
       0
       1
       0
       0
       0
       1
       0
       1
       0
       1
       2
       0
       0
       0
       0
       3
       0
       0
       0
       1
       0
       1
       0
       1
       0
       0
       1
       0
       0
       0
       0
       0
       0
       0
       0
       0
       0
       0
       0
       0
       0
       1
       0
       0
       1
       0
       0
       0
       1
       0
       0
       0
       0
       0
       0
       0
       0
       0
       0
       0
       0
       0
       1
       0
       0
       0
       0
       1
       0
       0
       0
       1
       0
       0
       1
       0
       0
       0
       0
       0
       0
       0
       0
       0
       0
       1
       0
       0
       0
       0
       0
       0
       0
       0
       1
       0
       0
       0
       0
       0
       0
       0
       0
       0
       0
       0
       0
       0
       0
       0
       0
       0
       1
       0
       0
       0
       1
       0
       0
       1
       0
       0
       1
       0
       1
       0
       0
       0
       0
       0
       0
       0
       0
       0
       0
       0
       0
       0
       0
       1
       0
       0
       0
       0
       0
       0
       0
       0
       0
       0
       1
       0
       1
       0
       0
       0
       0
       0
       0
       0
       0
       0
       0
       0
       0
       0
       1
       0
       0
       0
       0
       0
       0
       0
       0
       0
       0
       0
       0
       1
       0
       0
       0
       0
       1
       0
       1
       0
       0
       0
       1
       0
       0
       0
       0
       0
       0
       0
       0
       0
       2
       0
       0
       0
       0
       0
       0
       0
       0
       0
       0
       1
       0
       0
       0
       0
       0
       0
       0
       0
       0
       0
       0
       0
       0
       0
       0
       1
       0
       0
       0
       0
       1
       1
       0
       0
       0
       0
       0
       1
       0
       0
       0
       0
       0
       0
       0
       0
       1
       0
       0
       0
       0
       0
       0
       0
       0
       0
       0
       0
       1
       0
       0
       0
       0
       0
       0
       0
       0
       0
       0
       0
       0
       0
       0
       1
       2
       0
       0
       0
       0
       0
       0
       0
       0
       1
       0
       0
       0
       0
       0
       0
       0
       0
       0
       0
       0
       0
       0
       0
       0
       0
       0
       0
       0
       1
       0
       0
       0
       0
       0
       0
       1
       0
       0
       0
       0
       0
       0
       0
       0
       0
       0
       0
       0
       0
       0
       0
       0
       0
       0
       0
       0
       0
       0
       0
       0
       0
       0
       0
       0
       0
       0
       0
       0
       1
       0
       0
       0
       0
       0
       0
       0
       0
       0
       0
       0
       0
       0
       0
       0
       0
       0
       0
       0
       0
       0
       0
       0
       0
       0
       0
       0
       0
       0
       0
       0
       0
       0
       0
       0
       0
       0
       0
       0
       0
       0
       0
       0
       0
       0
       0
       0
       0
       0
       0
       0
       0
       0
       0
       0
       0
       0
       0
       0
       0
       0
       0
       0
       0
       0
       0
       0
       0
       0
       0
       0
       0
       0
       0
       0
       0
       0
       0
       0
       0
       0
       0
       0
       0
       0
       0
       0
       0
       0
       0
       0
       0
       0
       0
       0
       0
       0
       0
       0
       0
       0
       0
       0
       0
       0
       0
       0
       0
       0
       0
       0
       0
       0
       0
       0
       0
       0
       0
       0
       0
       0
       0
       0
       0
       0
       0
       0
       0
       0
       0
       0
       0
       0
       0
       0
       0
       0
       0
       0
       0
       0
       0
       0
       0
       0
       0
       0
       0
       0
       0
       0
       0
       0
       0
       0
       0
       0
       0
       0
       0
       0
       0
       0
       0
       0
       0
       0
       0
       0
       0
       0
       0
       0
       0
       0
       0
       0
       0
       0
       0
       0
       0
       0
       0
       0
       0
       0
       0
       0
       0
       0
       0
       0
       0
       0
       0
       0
       0
       0
       0
       0
       0
       0
       0
       0
       0
       0
       0
       0
       0
       0
       0
       0
       0
       0
       0
       0
       0
       0
       0
       0
       0
       0
       0
       0
       0
       0
       0
       0
       0
       0
       0
       0
       0
       0
       0
       0
       0
       0
       0
       0
       0
       0
       0
       0
       0
       0
       0
       0
       0
       0
       0
       0
       0
       0
       0
       0
       0
       0
       0
       0
       0
       0
       0
       0
       0
       0
       0
       0
       0
       0
       0
       0
       0
       0
       0
       0
       0
       0
       0
       0
       0
       0
       0
       0
       0
       0
       0
       0
       0
       0
       0
       0
       0
       0
       0
       0
       0
       0
       0
       0
       0
       0
       0
       0
       0
       0
       0
       0
       0
       0
       0
       0
       0
       0
       0
       0
$ROI:
0
$PRESETS:
None
0
0
$ENER_FIT:
0.000000 0.000000
$MCA_CAL:
3
0.000000E+000 0.000000E+000 0.000000E+000 
$SHAPE_CAL:
3
0.000000E+000 0.000000E+000 0.000000E+000
