$SPEC_ID:
No sample description was entered.
$SPEC_REM:
DET# 1
DETDESC# FSGUNIV-O93LS3D Easy-MCA-8k SN 17088661
AP# Maestro Version 7.01
$DATE_MEA:
02/03/2020 15:12:45
$MEAS_TIM:
95 95
$DATA:
0 4095
       0
       0
       0
       0
       0
       0
       0
       0
       0
       0
       0
       0
       0
       0
       0
       0
       0
       0
       0
       0
       0
       0
       0
       0
       0
       0
       0
       0
       0
       0
       0
       0
       0
       0
       0
       1
       0
       0
       0
       1
       0
       0
       0
       1
       0
       0
       0
       1
       0
       0
       0
       1
       0
      10
      17
      27
      22
      40
      16
      30
      23
      25
      22
      24
      11
      15
      13
      23
      26
      14
      19
      21
      14
      15
      25
      20
      25
      17
      36
      19
      31
      16
      23
      28
      15
      11
      26
      13
      23
      23
      19
      17
      29
      30
      22
      19
      15
      20
      19
      12
      19
      19
      26
      16
      26
      20
      19
      29
      19
      28
      23
      19
      25
      17
      17
      25
      26
      33
      17
      22
      24
      24
      19
      20
      32
      27
      18
      33
      24
      35
      31
      26
      16
      31
      15
      24
      23
      20
      25
      28
      24
      19
      15
      29
      33
      27
      25
      25
      21
      28
      25
      21
      20
      14
      20
      20
      30
      27
      24
      25
      20
      28
      22
      17
      26
      27
      21
      21
      25
      28
      26
      26
      21
      27
      28
      19
      15
      19
      20
      25
      24
      32
      23
      25
      24
      39
      31
      31
      33
      22
      27
      20
      23
      28
      29
      24
      49
      41
      42
      27
      36
      37
      36
      40
      43
      41
      45
      43
      56
      48
      55
      37
      41
      49
      51
      42
      44
      45
      42
      57
      46
      41
      43
      40
      38
      38
      45
      47
      39
      36
      41
      35
      36
      35
      36
      38
      41
      37
      42
      24
      26
      30
      36
      40
      37
      24
      43
      33
      34
      30
      37
      32
      29
      22
      19
      29
      32
      30
      24
      31
      33
      29
      25
      28
      23
      25
      29
      23
      24
      25
      30
      23
      16
      26
      18
      18
      16
      24
      25
      20
      22
      22
      14
      24
      22
      17
      20
      19
      28
      13
      24
      26
      17
      26
      21
      26
      20
      23
      18
      23
      28
      25
      14
      26
      16
      12
      20
      19
      29
      19
      21
      17
      16
      27
      13
      22
      27
      21
      25
      12
      27
      28
      21
      27
      24
      28
      21
      18
      22
      19
      16
      26
      18
      20
      23
      23
      18
      25
      27
      27
      31
      25
      24
      27
      16
      18
      22
      23
      25
      25
      24
      27
      26
      26
      21
      22
      29
      20
      20
      28
      20
      31
      22
      22
      21
      23
      32
      21
      19
      30
      17
      23
      19
      29
      22
      21
      24
      25
      15
      12
      24
      22
      23
      26
      29
      20
      11
      17
      20
      17
      21
      30
      22
      26
      24
      22
      19
      27
      18
      24
      25
      20
      24
      20
      22
      23
      24
      20
      29
      23
      26
      22
      27
      23
      22
      24
      24
      27
      21
      30
      24
      22
      22
      15
      27
      19
      21
      23
      20
      32
      34
      28
      20
      30
      28
      24
      18
      32
      23
      21
      22
      23
      20
      30
      17
      17
      22
      21
      23
      14
      34
      20
      17
      19
      27
      12
      30
      22
      19
      26
      26
      18
      27
      23
      29
      29
      24
      26
      36
      22
      36
      18
      23
      19
      32
      18
      24
      22
      34
      35
      19
      25
      20
      25
      25
      25
      14
      31
      27
      30
      31
      25
      21
      22
      24
      33
      29
      26
      24
      33
      26
      32
      27
      25
      29
      27
      29
      26
      29
      25
      22
      26
      20
      26
      22
      32
      26
      32
      26
      24
      26
      25
      17
      29
      15
      25
      29
      27
      25
      18
      28
      29
      39
      26
      27
      24
      23
      31
      25
      35
      25
      25
      30
      17
      21
      22
      25
      35
      26
      35
      29
      33
      21
      33
      27
      29
      27
      27
      26
      26
      31
      17
      34
      32
      33
      27
      29
      38
      28
      23
      33
      29
      26
      35
      17
      27
      33
      29
      35
      26
      24
      30
      32
      21
      31
      26
      28
      31
      30
      30
      36
      31
      38
      40
      29
      31
      32
      35
      31
      29
      22
      28
      26
      38
      28
      23
      23
      20
      25
      34
      32
      32
      32
      32
      36
      32
      34
      29
      19
      33
      20
      26
      53
      28
      30
      33
      28
      32
      28
      28
      26
      37
      22
      23
      38
      32
      22
      39
      36
      35
      30
      22
      28
      20
      30
      28
      22
      35
      35
      38
      21
      26
      28
      21
      29
      31
      18
      26
      24
      20
      22
      29
      26
      22
      18
      33
      22
      24
      27
      39
      34
      34
      29
      27
      29
      38
      23
      26
      34
      39
      29
      16
      30
      33
      44
      20
      31
      30
      30
      35
      21
      31
      32
      25
      32
      31
      24
      25
      32
      20
      24
      24
      32
      19
      31
      25
      28
      23
      16
      19
      25
      22
      24
      23
      22
      23
      35
      30
      30
      24
      19
      32
      18
      25
      24
      25
      24
      18
      21
      21
      25
      36
      32
      25
      32
      25
      17
      36
      21
      28
      24
      19
      25
      22
      25
      21
      27
      33
      23
      27
      31
      24
      25
      35
      23
      34
      26
      30
      19
      29
      26
      23
      24
      39
      22
      26
      19
      21
      22
      19
      32
      23
      29
      26
      26
      31
      20
      33
      27
      19
      15
      21
      31
      24
      29
      17
      24
      21
      22
      20
      29
      27
      24
      29
      22
      25
      16
      39
      35
      17
      31
      34
      21
      25
      22
      24
      20
      27
      36
      24
      23
      26
      25
      24
      23
      31
      26
      25
      19
      22
      32
      29
      22
      27
      20
      26
      32
      28
      28
      23
      19
      33
      25
      34
      24
      24
      22
      24
      28
      20
      27
      19
      29
      20
      27
      24
      25
      21
      26
      19
      23
      26
      24
      35
      24
      24
      24
      25
      34
      28
      18
      21
      32
      28
      19
      22
      26
      24
      23
      27
      29
      25
      32
      23
      17
      32
      27
      20
      30
      16
      21
      21
      31
      22
      28
      24
      27
      20
      27
      25
      23
      25
      28
      20
      30
      19
      24
      25
      32
      24
      20
      28
      24
      22
      25
      29
      21
      25
      19
      21
      32
      20
      26
      23
      38
      25
      21
      21
      28
      22
      20
      38
      24
      20
      19
      22
      23
      21
      20
      22
      21
      27
      17
      28
      16
      30
      28
      35
      23
      21
      25
      21
      17
      26
      23
      26
      26
      19
      21
      28
      30
      17
      17
      17
      18
      25
      25
      24
      19
      18
      17
      33
      19
      32
      24
      28
      26
      24
      32
      20
      25
      31
      11
      20
      28
      31
      21
      21
      22
      31
      29
      28
      32
      30
      21
      20
      20
      28
      14
      26
      29
      23
      21
      21
      30
      28
      27
      26
      25
      33
      27
      24
      13
      29
      22
      23
      20
      25
      20
      28
      22
      20
      26
      20
      24
      24
      29
      27
      29
      20
      15
      22
      24
      18
      25
      26
      22
      24
      18
      23
      20
      22
      23
      36
      23
      19
      17
      19
      23
      16
      25
      25
      18
      30
      29
      26
      23
      23
      26
      17
      20
      22
      24
      22
      35
      34
      27
      27
      29
      19
      17
      24
      22
      31
      28
      19
      32
      23
      19
      23
      13
      20
      22
      22
      23
      23
      26
      21
      28
      28
      12
      27
      24
      22
      21
      23
      29
      21
      19
      14
      27
      25
      17
      16
      22
      21
      22
      22
      24
      17
      23
      20
      19
      19
      16
      26
      15
      27
      27
      27
      35
      22
      24
      17
      22
      26
      19
      30
      18
      21
      23
      26
      29
      14
      31
      18
      20
      30
      28
      30
      19
      28
      30
      26
      24
      18
      25
      20
      26
      24
      22
      24
      42
      24
      29
      19
      26
      22
      22
      26
      26
      33
      26
      24
      26
      24
      25
      23
      24
      22
      21
      23
      22
      21
      31
      27
      33
      22
      26
      20
      24
      26
      24
      27
      26
      23
      32
      19
      23
      14
      23
      13
      24
      25
      30
      29
      21
      24
      28
      23
      24
      29
      28
      20
      23
      21
      15
      20
      23
      21
      23
      20
      17
      34
      33
      26
      28
      19
      21
      16
      22
      24
      16
      24
      24
      17
      35
      22
      21
      24
      22
      25
      17
      18
      24
      25
      15
      10
      25
      18
      24
      29
      22
      32
      37
      24
      21
      29
      18
      19
      24
      21
      29
      23
      19
      22
      22
      24
      32
      21
      17
      32
      23
      18
      19
      27
      23
      29
      23
      37
      23
      34
      17
      30
      25
      26
      25
      18
      24
      23
      24
      24
      27
      27
      23
      25
      18
      22
      19
      21
      29
      20
      24
      20
      21
      26
      20
      20
      21
      21
      25
      24
      36
      25
      25
      24
      26
      26
      23
      20
      26
      29
      30
      29
      28
      24
      16
      21
      19
      23
      27
      21
      25
      24
      22
      28
      19
      22
      32
      16
      31
      26
      24
      15
      20
      25
      22
      17
      19
      21
      19
      30
      19
      18
      29
      22
      21
      25
      29
      30
      28
      25
      28
      23
      27
      31
      27
      18
      20
      25
      26
      25
      19
      27
      25
      24
      23
      27
      27
      21
      14
      24
      23
      19
      30
      23
      17
      34
      24
      20
      17
      17
      24
      18
      25
      17
      22
      19
      22
      20
      17
      20
      22
      16
      31
      19
      17
      13
      24
      18
      23
      20
      14
      26
      23
      16
      26
      28
      18
      23
      28
      25
      17
      19
      23
      24
      23
      22
      20
      19
      21
      28
      26
      21
      27
      14
      22
      18
      13
      26
      18
      18
      20
      19
      21
      17
      21
      20
      19
      22
      25
      24
      25
      25
      25
      31
      24
      20
      17
      27
      33
      22
      24
      16
      28
      19
      16
      20
      25
      24
      24
      27
      20
      19
      29
      21
      23
      27
      29
      20
      23
      24
      20
      34
      21
      15
      16
      20
      20
      19
      17
      20
      23
      30
      17
      23
      20
      31
      18
      24
      25
      22
      24
      31
      21
      29
      19
      22
      29
      23
      25
      17
      17
      27
      31
      17
      24
      31
      21
      20
      12
      20
      25
      16
      21
      23
      28
      31
      19
      27
      14
      29
      17
      18
      16
      19
      23
      20
      16
      16
      24
      28
      32
      16
      24
      20
      29
      21
      29
      23
      22
      21
      19
      22
      20
      16
      32
      15
      18
      18
      19
      22
      10
      18
      24
      28
      28
      28
      20
      28
      20
      20
      23
      13
      25
      23
      20
      24
      24
      21
      16
      24
      20
      19
      15
      27
      18
      26
      23
      20
      23
      15
      26
      11
      30
      21
      20
      19
      16
      27
      21
      22
      17
      21
      19
      19
      15
      22
      22
      24
      20
      19
      16
      20
      20
      26
      18
      24
      20
      26
      22
      20
      29
      18
      20
      21
      19
      22
      23
      15
      21
      23
      17
      29
      22
      19
      21
      23
      21
      25
      21
      18
      24
      21
      20
      19
      19
      26
      19
      22
      20
      16
      27
      34
      31
      17
      19
      15
      15
      21
      22
      26
      18
      27
      28
      19
      19
      20
      17
      25
      24
      20
      18
      20
      21
      27
      15
      13
      15
      20
      34
      19
      21
      19
      19
      26
      26
      29
      20
      13
      28
      25
      28
      16
      20
      30
       6
      26
      15
      22
      23
      15
      17
      30
      23
      31
      22
      22
      29
      16
      28
      19
      19
      26
      17
      26
      29
      20
      21
      26
      21
      24
      21
      29
      25
      23
      27
      27
      15
      25
      24
      25
      20
      25
      22
      17
      19
      23
      26
      19
      25
      28
      24
      24
      24
      21
      17
      26
      13
      21
      20
      26
      23
      23
      20
      25
      19
      16
      22
      19
      32
      25
      23
      16
      17
      22
      15
      20
      21
      16
      18
      18
      30
      19
      19
      24
      23
      19
      19
      25
      25
      28
      17
      23
      20
      16
      20
      26
      33
      17
      30
      22
      24
      21
      20
      22
      25
      16
      27
      14
      19
      21
      19
      25
      14
      22
      21
      15
      22
      28
      18
      26
      24
      27
      27
      12
      15
      17
      19
      18
      29
      24
      25
      13
      29
      18
      26
      23
      14
      25
      23
      16
      26
      19
      18
      26
      23
      21
      22
      19
      19
      13
      28
      19
      22
      21
      18
      21
      15
      21
      20
      19
      22
      25
      26
      18
      20
      28
      20
      22
      26
      18
      20
      26
      18
      26
      14
      22
      16
      33
      18
      20
      23
      20
      16
      25
      17
      18
      15
      15
      19
      18
      13
      19
      33
      20
      20
      13
      18
      17
      25
      21
      20
      19
      24
      16
      27
      29
      15
      22
      16
      13
      17
      20
      26
      21
      22
      15
      12
      25
      13
      21
      22
      27
      23
      20
      21
      29
      21
      14
      19
      22
      20
      24
      16
      21
      17
      17
      15
      26
      20
      26
      28
      21
      25
      28
      16
      21
      24
      20
      28
      18
      21
      16
      26
      29
      28
       8
      22
      22
      16
      21
      14
      18
      15
      14
      16
      21
      23
      26
      17
      27
      17
      26
      23
      25
      28
      23
      24
      15
      24
      12
      15
      25
      17
      20
      24
      18
      24
      14
      20
      29
      16
      21
      25
      23
      30
      17
      23
      22
      20
      20
      22
      18
      23
      15
      19
      23
      23
      19
      11
      19
      29
      25
      25
      17
      16
      22
      18
      18
      26
      13
      21
      19
      22
      20
      25
      28
      25
      28
      22
      26
      19
      34
      26
      23
      23
      24
      17
      13
      26
      26
      21
      18
      19
      14
      21
      18
      23
      25
      19
      21
      18
      14
      17
      18
      17
      18
      17
      22
      14
      21
      24
      20
      20
      19
      25
      28
      25
      23
      12
      19
      13
      19
      20
      12
      16
      28
      21
      26
      18
      23
      23
      19
      23
      12
      21
      24
      33
      25
      22
      16
      24
      31
      17
      19
      16
      28
      30
      26
      19
      18
      24
      20
      27
      23
      24
      25
      22
      23
      15
      22
      18
      19
      15
      20
      20
      19
      22
      31
      20
      31
      16
      22
      19
      17
      20
      22
      25
      25
      18
      25
      16
      20
      19
      22
      19
      18
      15
      11
      22
      20
      25
      27
      22
      20
      23
      24
      27
      22
      19
      19
      22
      36
      22
      19
      18
      20
      36
      28
      20
      17
      26
      15
      19
      24
      21
      19
      21
      24
      16
      26
      18
      17
      25
      28
      21
      20
      21
      13
      25
      23
      18
      26
      22
      17
      22
      31
      25
      23
      23
      18
      21
      23
      22
      15
      27
      19
      23
      31
      23
      22
      16
      27
      24
      27
      23
      25
      13
      22
      28
      18
      14
      19
      22
      22
      17
      22
      22
      24
      32
      36
      25
      24
      16
      21
       8
      19
      23
      27
      23
      17
      21
      20
      23
      23
      27
      22
      21
      24
      13
      14
      27
      21
      27
      21
      24
      24
      13
      29
      15
      27
      30
      22
      28
      28
      13
      26
      24
      23
      21
      27
      19
      15
      19
      21
      18
      17
      22
      23
      18
      19
      20
      25
      20
      22
      28
      31
      21
      20
      27
      29
      19
      23
      21
      25
      26
      22
      33
      30
      25
      22
      25
      26
      22
      19
      18
      18
      25
      21
      26
      27
      24
      19
      19
      23
      17
      19
      21
      27
      21
      24
      23
      25
      22
      20
      30
      27
      24
      18
      22
      22
      22
      19
      17
      22
      23
      17
      24
      24
      20
      14
      21
      23
      26
      24
      15
      15
      19
      17
      21
      25
      21
      17
      24
      32
      26
      17
      27
      24
      23
      21
      24
      23
      22
      21
      20
      23
      26
      24
      29
      22
      17
      23
      28
      19
      17
      27
      19
      15
      26
      22
      19
      25
      18
      19
      29
      17
      30
      20
      17
      19
      21
      28
      13
      16
      20
      26
      20
      27
      17
      30
      24
      21
      27
      18
      17
      24
      24
      22
      27
      23
      20
      19
      20
      15
      18
      19
      18
      19
      19
      18
      11
      17
       9
      27
      20
      23
      16
      27
      24
      13
      17
      23
      21
      19
      20
      25
      15
      22
      25
      18
      16
      25
      25
      19
      24
      29
      25
      22
      19
      17
      22
      27
      16
      16
      13
      22
      20
      11
      14
      13
      24
      20
      19
      21
      22
      20
      19
      22
      10
      15
      23
      22
      23
      24
      16
      22
      16
      22
      21
      18
      21
      19
      19
      14
      22
      18
      19
      21
      16
      14
      19
      12
      17
      25
      11
      17
      21
      19
      14
      21
      11
      16
      14
      19
      22
      18
      12
      21
      20
      21
      22
      17
      22
      18
      13
      19
      14
      16
      12
      10
      14
      19
      11
      19
      18
      11
      14
      13
      10
      19
      21
      18
      17
      18
      16
      13
      18
      15
      16
      17
      15
      15
      16
      12
      15
      20
      15
      24
      17
      12
      18
      16
      22
      17
      12
      12
      13
      18
      11
      23
      18
      17
      14
      11
      16
       9
      14
      13
      14
      13
      17
      15
      18
       9
      14
      17
      15
       9
      18
      17
      15
      15
      15
      16
      15
      15
      15
      11
      14
      19
       8
      11
      14
      15
      17
      16
      19
      11
      13
      10
      15
      17
      15
      14
      15
      16
      10
      16
      13
      15
      14
       8
      12
      11
      16
      15
      11
      13
      14
      14
      21
      19
       9
      21
      11
      13
      13
      15
      15
      14
      18
      12
      13
      19
      14
      16
      10
      14
      15
       9
      11
      14
      16
       7
      28
       7
       8
      15
      16
       6
       8
      14
      19
      15
      13
      14
      15
      13
      14
      13
      14
      12
      14
      11
      15
      18
      13
      11
      14
      12
      14
      14
      19
      14
      15
      11
      18
      12
      11
      19
      19
       8
      12
      10
      16
      13
      14
      12
      10
      15
      18
      14
      14
      14
      18
      12
       7
      12
      13
       8
      16
      12
      14
       8
       9
      12
      15
      16
       8
       8
      18
      11
      13
      21
      14
      16
      19
      15
       9
      12
      10
      11
      15
      12
      11
       9
      14
      12
      11
      14
      15
      10
      10
      11
       9
      18
      10
      18
      11
      19
      16
      11
      12
       8
      11
      19
      14
      15
      10
      18
      15
      10
      10
      13
      12
      17
      10
      10
       6
      12
      14
       8
      14
      16
      11
      14
      10
       7
       9
       8
      16
      10
      13
      19
      11
      13
      19
      11
      13
      15
      12
      13
      15
      16
      18
      15
      14
      14
      17
       9
      11
      23
      10
      13
      10
      13
      16
       9
       9
      16
       7
      11
      13
       9
      13
       8
       7
      10
      14
      20
      16
      15
      15
       7
      21
      12
      16
      12
      13
      22
      14
      16
      13
      10
      14
      18
       9
      19
      13
      11
      14
      15
      13
      16
      11
      13
      12
      16
      14
      18
       9
      13
       8
      13
      15
       8
      22
      10
      12
      13
      26
      25
      21
      17
      20
      25
      14
      18
      23
      17
      11
      14
      15
      17
      13
      21
      14
      10
      13
      20
      17
      14
      15
      15
      26
      22
      36
      26
      20
      23
      18
      26
      20
      26
      26
      22
      21
      27
      27
      23
      22
      20
      26
      20
      18
      30
      19
      18
      13
      20
      27
      20
      28
      24
      16
      40
      28
      28
      31
      22
      24
      42
      32
      27
      34
      31
      30
      34
      33
      36
      32
      34
      29
      38
      32
      43
      23
      33
      40
      24
      37
      38
      39
      39
      37
      51
      46
      34
      52
      32
      39
      31
      47
      44
      44
      30
      47
      31
      37
      32
      31
      45
      38
      47
      39
      36
      41
      40
      40
      42
      46
      38
      51
      43
      45
      50
      37
      46
      44
      45
      61
      46
      53
      60
      47
      33
      43
      46
      55
      54
      45
      41
      49
      58
      50
      46
      54
      50
      51
      62
      38
      47
      49
      68
      41
      44
      48
      42
      53
      49
      61
      49
      45
      49
      47
      34
      43
      41
      41
      48
      37
      46
      43
      50
      43
      51
      50
      47
      50
      36
      62
      38
      48
      49
      45
      38
      40
      47
      35
      42
      31
      50
      46
      47
      44
      47
      41
      37
      48
      48
      36
      37
      39
      32
      40
      39
      39
      36
      32
      42
      36
      29
      34
      32
      32
      26
      46
      42
      27
      32
      44
      34
      26
      28
      29
      28
      30
      24
      34
      29
      31
      21
      36
      33
      31
      28
      23
      23
      31
      29
      23
      22
      15
      21
      27
      23
      30
      32
      23
      20
      21
      24
      19
      19
      24
      21
      21
      23
      27
      20
      16
      31
      20
      14
      17
      16
      20
      14
      21
      17
      22
      17
      19
      16
      19
      12
      17
      10
      12
      12
      18
      11
      15
      10
      11
      13
      12
      15
      15
      17
       8
      11
       5
      12
       7
       7
      11
       9
       6
      11
       9
       5
       8
       8
       5
      16
       8
       5
      16
       7
      13
       9
       7
      10
      10
       6
       9
       4
       8
      10
       8
      11
      11
       8
       5
       5
       7
       4
       7
       7
       5
       6
       6
       9
       7
       6
       6
       4
       2
       9
       9
      10
       5
       6
       8
       1
       7
       7
       5
       5
       4
       7
       4
       4
       3
       1
       6
       8
       1
       6
       9
       7
       6
       7
       6
      11
       9
      13
       9
       5
       6
      12
      15
       6
      10
       7
       4
      12
       3
       6
       5
       4
      15
      10
      11
       4
       8
       1
       6
       5
      12
       7
       8
      11
      17
      18
      12
       5
      13
      10
      10
      12
      16
       9
      12
      11
      12
       8
      13
      13
      12
      15
      17
      15
      14
      21
      20
      11
      12
      13
       8
      21
      17
      19
      17
      16
      16
      13
      21
      15
      21
      14
      20
      22
      23
      19
      23
      25
      15
      14
      26
      16
      19
      23
      16
      19
      19
      20
      23
      24
      19
      20
      13
      18
      23
      22
      22
      32
      28
      29
      35
      17
      24
      24
      22
      23
      30
      29
      20
      26
      22
      27
      19
      31
      28
      29
      35
      30
      24
      24
      23
      33
      33
      36
      24
      36
      23
      28
      34
      30
      23
      33
      24
      24
      30
      32
      33
      34
      37
      27
      35
      35
      34
      34
      36
      35
      41
      38
      32
      44
      44
      39
      36
      45
      38
      33
      37
      42
      29
      38
      31
      28
      37
      33
      36
      34
      37
      42
      44
      30
      38
      34
      29
      36
      40
      36
      42
      47
      28
      48
      40
      42
      37
      39
      38
      23
      36
      27
      35
      30
      37
      42
      42
      33
      41
      30
      36
      35
      29
      39
      33
      40
      40
      37
      38
      44
      26
      27
      32
      24
      39
      40
      31
      31
      34
      36
      28
      46
      28
      28
      30
      41
      45
      40
      20
      36
      31
      24
      41
      32
      25
      35
      40
      35
      24
      27
      32
      29
      24
      22
      26
      27
      18
      34
      25
      22
      31
      16
      18
      25
      29
      31
      26
      18
      26
      18
      25
      26
      22
      24
      25
      22
      19
      11
      26
      12
      20
      22
      22
      21
      18
      23
      27
      21
      15
      18
      13
      19
      18
      14
      15
      17
      20
      13
      14
      15
      18
       8
      13
       7
      21
      13
      10
      12
      11
      14
      16
      16
      15
       6
       6
      11
      10
      10
       8
       7
       9
      11
      11
      13
      12
      10
       8
      13
      11
      13
       4
      10
       9
       4
       7
      10
       9
       6
       9
       5
       7
      10
       9
       5
       6
       5
       5
       7
       7
       6
       8
       4
       4
       3
       1
      10
       2
       2
       5
       4
       1
       3
       4
       2
       3
       6
       7
       5
       6
       2
       1
       6
       2
       4
       0
       3
       4
       0
       1
       1
       5
       3
       2
       3
       3
       3
       3
       2
       1
       3
       1
       3
       2
       2
       3
       3
       0
       0
       0
       0
       1
       2
       0
       3
       1
       1
       1
       2
       1
       1
       1
       0
       1
       6
       0
       2
       1
       1
       3
       0
       0
       0
       2
       1
       2
       1
       0
       0
       2
       2
       2
       2
       0
       1
       1
       1
       2
       0
       1
       0
       1
       0
       0
       0
       1
       0
       0
       1
       0
       1
       0
       1
       2
       0
       1
       0
       1
       0
       1
       1
       1
       0
       0
       0
       0
       0
       1
       1
       0
       0
       1
       1
       0
       1
       1
       0
       0
       2
       0
       0
       0
       1
       1
       0
       0
       0
       0
       0
       1
       1
       0
       0
       0
       0
       0
       0
       0
       0
       0
       2
       0
       0
       0
       1
       0
       0
       0
       0
       0
       0
       0
       1
       0
       2
       1
       1
       0
       0
       0
       0
       1
       0
       0
       0
       1
       0
       0
       0
       0
       0
       0
       0
       1
       0
       2
       0
       0
       0
       0
       0
       0
       0
       1
       2
       1
       1
       0
       0
       0
       0
       0
       0
       2
       0
       0
       1
       0
       0
       0
       0
       1
       0
       0
       0
       0
       0
       0
       0
       0
       1
       0
       0
       0
       0
       0
       2
       1
       1
       0
       0
       0
       0
       0
       0
       1
       1
       0
       1
       0
       1
       0
       0
       0
       0
       0
       0
       0
       0
       1
       0
       0
       0
       0
       0
       0
       0
       0
       0
       0
       0
       0
       0
       0
       0
       0
       0
       0
       0
       0
       0
       0
       0
       0
       0
       0
       0
       0
       0
       0
       0
       0
       0
       0
       0
       0
       0
       0
       0
       0
       0
       0
       0
       0
       0
       0
       0
       0
       0
       0
       0
       0
       0
       0
       0
       0
       0
       0
       0
       0
       0
       0
       0
       0
       0
       0
       0
       0
       0
       0
       0
       0
       0
       0
       0
       0
       0
       0
       0
       0
       0
       0
       0
       0
       0
       0
       0
       0
       0
       0
       0
       0
       0
       0
       0
       0
       0
       0
       0
       0
       0
       0
       0
       0
       0
       0
       0
       0
       0
       0
       0
       1
       0
       0
       0
       0
       0
       0
       0
       0
       0
       0
       0
       0
       0
       0
       0
       0
       0
       0
       0
       0
       0
       0
       0
       0
       0
       0
       0
       0
       0
       0
       0
       0
       0
       0
       0
       0
       0
       0
       0
       0
       0
       0
       0
       0
       0
       0
       0
       0
       0
       0
       0
       0
       0
       0
       0
       0
       0
       0
       0
       0
       0
       0
       0
       0
       0
       0
       0
       0
       0
       0
       0
       0
       0
       0
       0
       0
       0
       0
       0
       0
       0
       0
       0
       0
       0
       0
       0
       0
       0
       0
       0
       0
       0
       0
       0
       0
       0
       0
       0
       0
       0
       0
       0
       0
       0
       0
       0
       0
       0
       0
       0
       0
       0
       0
       0
       0
       0
       0
       0
       0
       0
       0
       0
       0
       0
       0
       0
       0
       0
       0
       0
       0
       0
       0
       0
       0
       0
       0
       0
       0
       0
       0
       0
       0
       0
       0
       0
       0
       0
       0
       0
       0
       0
       0
       0
       0
       0
       0
       0
       0
       0
       0
       0
       0
       0
       0
       0
       0
       0
       0
       0
       0
       0
       0
       0
       0
       0
       0
       0
       0
       0
       0
       0
       0
       0
       0
       0
       0
       0
       0
       0
       0
       0
       0
       0
       0
       0
       0
       0
       0
       0
       0
       0
       0
       0
       0
       0
       0
       0
       0
       0
       0
       0
       0
       0
       0
       0
       0
       0
       0
       0
       0
       0
       0
       0
       0
       0
       0
       0
       0
       0
       0
       0
       0
       0
       0
       0
$ROI:
2
2782 3130
3146 3529
$PRESETS:
None
0
0
$ENER_FIT:
0.000000 0.000000
$MCA_CAL:
3
0.000000E+000 0.000000E+000 0.000000E+000 
$SHAPE_CAL:
3
0.000000E+000 0.000000E+000 0.000000E+000
